#ifndef METRIC_H
#define METRIC_
// asl original ned metric for 8.8cm ===============================================================================================================

static const double N_mon = 35;
static Eigen::Matrix<double,35,3> w_mon =
(Eigen::Matrix<double,35,3>() << 0.00,0.00,0.00,
0.00,0.00,1.00,
0.00,0.00,2.00,
0.00,0.00,3.00,
0.00,0.00,4.00,
0.00,1.00,0.00,
0.00,1.00,1.00,
0.00,1.00,2.00,
0.00,1.00,3.00,
0.00,2.00,0.00,
0.00,2.00,1.00,
0.00,2.00,2.00,
0.00,3.00,0.00,
0.00,3.00,1.00,
0.00,4.00,0.00,
1.00,0.00,0.00,
1.00,0.00,1.00,
1.00,0.00,2.00,
1.00,0.00,3.00,
1.00,1.00,0.00,
1.00,1.00,1.00,
1.00,1.00,2.00,
1.00,2.00,0.00,
1.00,2.00,1.00,
1.00,3.00,0.00,
2.00,0.00,0.00,
2.00,0.00,1.00,
2.00,0.00,2.00,
2.00,1.00,0.00,
2.00,1.00,1.00,
2.00,2.00,0.00,
3.00,0.00,0.00,
3.00,0.00,1.00,
3.00,1.00,0.00,
4.00,0.00,0.00).finished();
static std::vector<Eigen::Matrix<double,9,9>> w_coeff{
  (Eigen::Matrix<double,9,9>() <<3.73356110,-0.00000265,0.00000000,-4.92267637,0.00000471,0.00000000,0.00000000,-0.00000089,-0.22784620,
-0.00000265,4.10068077,0.00000000,0.00000199,-5.38723284,0.00000000,0.00000000,0.02139620,-0.00000196,
0.00000000,0.00000000,4.01030581,0.00000000,0.00000000,-5.26461358,0.11983811,0.00000000,0.00000000,
-4.92267637,0.00000199,0.00000000,11.74942931,-0.00001030,0.00000000,0.00000000,-0.00001390,3.51188144,
0.00000471,-5.38723284,0.00000000,-0.00001030,13.85877475,0.00000000,0.00000000,-8.12598749,0.00001303,
0.00000000,0.00000000,-5.26461358,0.00000000,0.00000000,13.82781468,19.25017514,0.00000000,0.00000000,
0.00000000,0.00000000,0.11983811,0.00000000,0.00000000,19.25017514,106.08356535,0.00000000,0.00000000,
-0.00000089,0.02139620,0.00000000,-0.00001390,-8.12598749,0.00000000,0.00000000,20.10072247,-0.00006717,
-0.22784620,-0.00000196,0.00000000,3.51188144,0.00001303,0.00000000,0.00000000,-0.00006717,9.00050372).finished(),
(Eigen::Matrix<double,9,9>() <<0.00000000,0.00000000,0.00000000,0.00000000,0.00000000,0.00000000,-0.93085722,0.00000000,0.00000000,
0.00000000,0.00000000,0.00000000,0.00000000,0.00000000,0.00000000,-0.00000467,0.00000000,0.00000000,
0.00000000,0.00000000,0.00000000,0.00000000,0.00000000,0.00000000,0.00000000,0.00000000,-0.01555878,
0.00000000,0.00000000,0.00000000,0.00000000,0.00000000,0.00000000,9.69174993,0.00000000,0.00000000,
0.00000000,0.00000000,0.00000000,0.00000000,0.00000000,0.00000000,0.00001405,0.00000000,0.00000000,
0.00000000,0.00000000,0.00000000,0.00000000,0.00000000,0.00000000,0.00000000,0.00001283,-2.81965143,
-0.93085722,-0.00000467,0.00000000,9.69174993,0.00001405,0.00000000,0.00000000,0.00000000,0.08289013,
0.00000000,0.00000000,0.00000000,0.00000000,0.00000000,0.00001283,0.00000000,0.00000000,0.00000000,
0.00000000,0.00000000,-0.01555878,0.00000000,0.00000000,-2.81965143,0.08289013,0.00000000,0.00000000).finished(),
(Eigen::Matrix<double,9,9>() <<0.00000000,0.00000000,0.00000000,0.00000000,0.00000000,0.00000000,0.00000000,0.00000107,0.00000000,
0.00000000,0.00000000,0.00000000,0.00000000,0.00000000,0.00000000,0.00000000,0.03073138,0.00000000,
0.00000000,0.00000000,0.00000000,0.00000000,0.00000000,0.00000000,-0.02599569,0.00000000,0.00000000,
0.00000000,0.00000000,0.00000000,0.00000000,0.00000000,0.00000000,0.00000000,-0.00000892,0.00000000,
0.00000000,0.00000000,0.00000000,0.00000000,0.00000000,0.00000000,0.00000000,-0.38933117,0.00001274,
0.00000000,0.00000000,0.00000000,0.00000000,0.00000000,0.00000000,-4.51879099,0.00000000,0.00000000,
0.00000000,0.00000000,-0.02599569,0.00000000,0.00000000,-4.51879099,-0.41194354,0.00000000,0.00000000,
0.00000107,0.03073138,0.00000000,-0.00000892,-0.38933117,0.00000000,0.00000000,0.03092700,-0.00001096,
0.00000000,0.00000000,0.00000000,0.00000000,0.00001274,0.00000000,0.00000000,-0.00001096,0.00787398).finished(),
(Eigen::Matrix<double,9,9>() <<0.00000000,0.00000000,0.00000000,0.00000000,0.00000000,0.00000000,0.00000000,0.00000000,0.00000000,
0.00000000,0.00000000,0.00000000,0.00000000,0.00000000,0.00000000,0.00000000,0.00000000,0.00000000,
0.00000000,0.00000000,0.00000000,0.00000000,0.00000000,0.00000000,0.00000000,0.00000000,0.00000000,
0.00000000,0.00000000,0.00000000,0.00000000,0.00000000,0.00000000,0.00000000,0.00000000,0.00000000,
0.00000000,0.00000000,0.00000000,0.00000000,0.00000000,0.00000000,0.00000000,0.00000000,0.00000000,
0.00000000,0.00000000,0.00000000,0.00000000,0.00000000,0.00000000,0.00000000,-0.00000434,0.00000000,
0.00000000,0.00000000,0.00000000,0.00000000,0.00000000,0.00000000,0.00000000,0.00000640,-0.05792289,
0.00000000,0.00000000,0.00000000,0.00000000,0.00000000,-0.00000434,0.00000640,0.00000000,0.00000000,
0.00000000,0.00000000,0.00000000,0.00000000,0.00000000,0.00000000,-0.05792289,0.00000000,0.00000000).finished(),
(Eigen::Matrix<double,9,9>() <<0.00000000,0.00000000,0.00000000,0.00000000,0.00000000,0.00000000,0.00000000,0.00000000,0.00000000,
0.00000000,0.00000000,0.00000000,0.00000000,0.00000000,0.00000000,0.00000000,0.00000000,0.00000000,
0.00000000,0.00000000,0.00000000,0.00000000,0.00000000,0.00000000,0.00000000,0.00000000,0.00000000,
0.00000000,0.00000000,0.00000000,0.00000000,0.00000000,0.00000000,0.00000000,0.00000000,0.00000000,
0.00000000,0.00000000,0.00000000,0.00000000,0.00000000,0.00000000,0.00000000,0.00000000,0.00000000,
0.00000000,0.00000000,0.00000000,0.00000000,0.00000000,0.00000000,0.00000000,0.00000000,0.00000000,
0.00000000,0.00000000,0.00000000,0.00000000,0.00000000,0.00000000,-0.06241303,0.00000000,0.00000000,
0.00000000,0.00000000,0.00000000,0.00000000,0.00000000,0.00000000,0.00000000,0.02045387,0.00000603,
0.00000000,0.00000000,0.00000000,0.00000000,0.00000000,0.00000000,0.00000000,0.00000603,-0.00966103).finished(),
(Eigen::Matrix<double,9,9>() <<0.00000000,0.00000000,0.00000000,0.00000000,0.00000000,0.00000000,0.00000058,0.00000000,0.00000000,
0.00000000,0.00000000,0.00000000,0.00000000,0.00000000,0.00000000,0.15067911,0.00000000,0.00000000,
0.00000000,0.00000000,0.00000000,0.00000000,0.00000000,0.00000000,0.00000000,-0.05900753,0.00000000,
0.00000000,0.00000000,0.00000000,0.00000000,0.00000000,0.00000000,0.00002419,0.00000000,0.00000000,
0.00000000,0.00000000,0.00000000,0.00000000,0.00000000,0.00000000,-11.57833567,0.00000000,0.00000000,
0.00000000,0.00000000,0.00000000,0.00000000,0.00000000,0.00000000,0.00000000,-5.25963750,0.00001707,
0.00000058,0.15067911,0.00000000,0.00002419,-11.57833567,0.00000000,0.00000000,1.16088334,-0.00002482,
0.00000000,0.00000000,-0.05900753,0.00000000,0.00000000,-5.25963750,1.16088334,0.00000000,0.00000000,
0.00000000,0.00000000,0.00000000,0.00000000,0.00000000,0.00001707,-0.00002482,0.00000000,0.00000000).finished(),
(Eigen::Matrix<double,9,9>() <<0.00000000,0.00000000,0.00000000,0.00000000,0.00000000,0.00000000,0.00000000,0.02432929,0.00000000,
0.00000000,0.00000000,0.00000000,0.00000000,0.00000000,0.00000000,0.00000000,-0.00000037,0.00000000,
0.00000000,0.00000000,0.00000000,0.00000000,0.00000000,0.00000000,0.00000059,0.00000000,0.00000000,
0.00000000,0.00000000,0.00000000,0.00000000,0.00000000,0.00000000,0.00000000,-0.61856011,0.00000000,
0.00000000,0.00000000,0.00000000,0.00000000,0.00000000,0.00000000,0.00000000,-0.00001782,2.03863957,
0.00000000,0.00000000,0.00000000,0.00000000,0.00000000,0.00000000,0.00000522,0.00000000,0.00000000,
0.00000000,0.00000000,0.00000059,0.00000000,0.00000000,0.00000522,0.00000236,0.00000000,0.00000000,
0.02432929,-0.00000037,0.00000000,-0.61856011,-0.00001782,0.00000000,0.00000000,-0.00003790,-0.39087226,
0.00000000,0.00000000,0.00000000,0.00000000,2.03863957,0.00000000,0.00000000,-0.39087226,0.00000968).finished(),
(Eigen::Matrix<double,9,9>() <<0.00000000,0.00000000,0.00000000,0.00000000,0.00000000,0.00000000,0.00000000,0.00000000,0.00000000,
0.00000000,0.00000000,0.00000000,0.00000000,0.00000000,0.00000000,0.00000000,0.00000000,0.00000000,
0.00000000,0.00000000,0.00000000,0.00000000,0.00000000,0.00000000,0.00000000,0.00000000,0.00000000,
0.00000000,0.00000000,0.00000000,0.00000000,0.00000000,0.00000000,0.00000000,0.00000000,0.00000000,
0.00000000,0.00000000,0.00000000,0.00000000,0.00000000,0.00000000,-0.07609817,0.00000000,0.00000000,
0.00000000,0.00000000,0.00000000,0.00000000,0.00000000,0.00000000,0.00000000,-0.51415774,0.00000435,
0.00000000,0.00000000,0.00000000,0.00000000,-0.07609817,0.00000000,0.00000000,-0.44723908,-0.00001593,
0.00000000,0.00000000,0.00000000,0.00000000,0.00000000,-0.51415774,-0.44723908,0.00000000,0.00000000,
0.00000000,0.00000000,0.00000000,0.00000000,0.00000000,0.00000435,-0.00001593,0.00000000,0.00000000).finished(),
(Eigen::Matrix<double,9,9>() <<0.00000000,0.00000000,0.00000000,0.00000000,0.00000000,0.00000000,0.00000000,0.00000000,0.00000000,
0.00000000,0.00000000,0.00000000,0.00000000,0.00000000,0.00000000,0.00000000,0.00000000,0.00000000,
0.00000000,0.00000000,0.00000000,0.00000000,0.00000000,0.00000000,0.00000000,0.00000000,0.00000000,
0.00000000,0.00000000,0.00000000,0.00000000,0.00000000,0.00000000,0.00000000,0.00000000,0.00000000,
0.00000000,0.00000000,0.00000000,0.00000000,0.00000000,0.00000000,0.00000000,0.00000148,0.00000000,
0.00000000,0.00000000,0.00000000,0.00000000,0.00000000,0.00000000,0.00000000,0.00000000,0.00000000,
0.00000000,0.00000000,0.00000000,0.00000000,0.00000000,0.00000000,-0.00000712,0.00000000,0.00000000,
0.00000000,0.00000000,0.00000000,0.00000000,0.00000148,0.00000000,0.00000000,0.00000723,-0.03897622,
0.00000000,0.00000000,0.00000000,0.00000000,0.00000000,0.00000000,0.00000000,-0.03897622,-0.00000222).finished(),
(Eigen::Matrix<double,9,9>() <<0.00000000,0.00000000,0.00000000,0.00000000,0.00000000,0.00000000,0.00000000,-0.00000269,0.00000000,
0.00000000,0.00000000,0.00000000,0.00000000,0.00000000,0.00000000,0.00000000,-0.02974614,0.00000000,
0.00000000,0.00000000,0.00000000,0.00000000,0.00000000,0.00000000,-0.04063086,0.00000000,0.00000000,
0.00000000,0.00000000,0.00000000,0.00000000,0.00000000,0.00000000,0.00000000,0.00001637,0.00000000,
0.00000000,0.00000000,0.00000000,0.00000000,0.00000000,0.00000000,0.00000000,2.56638907,0.00000458,
0.00000000,0.00000000,0.00000000,0.00000000,0.00000000,0.00000000,-4.38573515,0.00000000,0.00000000,
0.00000000,0.00000000,-0.04063086,0.00000000,0.00000000,-4.38573515,0.00129841,0.00000000,0.00000000,
-0.00000269,-0.02974614,0.00000000,0.00001637,2.56638907,0.00000000,0.00000000,-0.91757349,-0.00000562,
0.00000000,0.00000000,0.00000000,0.00000000,0.00000458,0.00000000,0.00000000,-0.00000562,-0.00488824).finished(),
(Eigen::Matrix<double,9,9>() <<0.00000000,0.00000000,0.00000000,0.00000000,0.00000000,0.00000000,0.00000000,0.00000000,0.00000000,
0.00000000,0.00000000,0.00000000,0.00000000,0.00000000,0.00000000,0.00000000,0.00000000,0.00000000,
0.00000000,0.00000000,0.00000000,0.00000000,0.00000000,0.00000000,0.00000000,0.00000000,0.00000000,
0.00000000,0.00000000,0.00000000,0.00000000,0.00000000,0.00000000,0.00000000,0.00000000,0.00000000,
0.00000000,0.00000000,0.00000000,0.00000000,0.00000000,0.00000000,-0.00000023,0.00000000,0.00000000,
0.00000000,0.00000000,0.00000000,0.00000000,0.00000000,0.00000000,0.00000000,0.00000000,0.51451481,
0.00000000,0.00000000,0.00000000,0.00000000,-0.00000023,0.00000000,0.00000000,-0.00000510,-0.00852133,
0.00000000,0.00000000,0.00000000,0.00000000,0.00000000,0.00000000,-0.00000510,0.00000000,0.00000000,
0.00000000,0.00000000,0.00000000,0.00000000,0.00000000,0.51451481,-0.00852133,0.00000000,0.00000000).finished(),
(Eigen::Matrix<double,9,9>() <<0.00000000,0.00000000,0.00000000,0.00000000,0.00000000,0.00000000,0.00000000,0.00000000,0.00000000,
0.00000000,0.00000000,0.00000000,0.00000000,0.00000000,0.00000000,0.00000000,0.00000000,0.00000000,
0.00000000,0.00000000,0.00000000,0.00000000,0.00000000,0.00000000,0.00000000,0.00000000,0.00000000,
0.00000000,0.00000000,0.00000000,0.00000000,0.00000000,0.00000000,0.00000000,0.00000000,0.00000000,
0.00000000,0.00000000,0.00000000,0.00000000,0.00000000,0.00000000,0.00000000,0.17561100,0.00000000,
0.00000000,0.00000000,0.00000000,0.00000000,0.00000000,0.00000000,0.00000000,0.00000000,0.00000000,
0.00000000,0.00000000,0.00000000,0.00000000,0.00000000,0.00000000,-0.95835544,0.00000000,0.00000000,
0.00000000,0.00000000,0.00000000,0.00000000,0.17561100,0.00000000,0.00000000,-0.16689045,0.00003112,
0.00000000,0.00000000,0.00000000,0.00000000,0.00000000,0.00000000,0.00000000,0.00003112,-0.00787623).finished(),
(Eigen::Matrix<double,9,9>() <<0.00000000,0.00000000,0.00000000,0.00000000,0.00000000,0.00000000,0.00000000,0.00000000,0.00000000,
0.00000000,0.00000000,0.00000000,0.00000000,0.00000000,0.00000000,0.00000000,0.00000000,0.00000000,
0.00000000,0.00000000,0.00000000,0.00000000,0.00000000,0.00000000,0.00000000,0.00000000,0.00000000,
0.00000000,0.00000000,0.00000000,0.00000000,0.00000000,0.00000000,0.00000000,0.00000000,0.00000000,
0.00000000,0.00000000,0.00000000,0.00000000,0.00000000,0.00000000,-0.05570154,0.00000000,0.00000000,
0.00000000,0.00000000,0.00000000,0.00000000,0.00000000,0.00000000,0.00000000,0.00000229,0.00000000,
0.00000000,0.00000000,0.00000000,0.00000000,-0.05570154,0.00000000,0.00000000,-0.30708617,0.00002332,
0.00000000,0.00000000,0.00000000,0.00000000,0.00000000,0.00000229,-0.30708617,0.00000000,0.00000000,
0.00000000,0.00000000,0.00000000,0.00000000,0.00000000,0.00000000,0.00002332,0.00000000,0.00000000).finished(),
(Eigen::Matrix<double,9,9>() <<0.00000000,0.00000000,0.00000000,0.00000000,0.00000000,0.00000000,0.00000000,0.00000000,0.00000000,
0.00000000,0.00000000,0.00000000,0.00000000,0.00000000,0.00000000,0.00000000,0.00000000,0.00000000,
0.00000000,0.00000000,0.00000000,0.00000000,0.00000000,0.00000000,0.00000000,0.00000000,0.00000000,
0.00000000,0.00000000,0.00000000,0.00000000,0.00000000,0.00000000,0.00000000,0.00000000,0.00000000,
0.00000000,0.00000000,0.00000000,0.00000000,0.00000000,0.00000000,0.00000000,0.00000000,0.00000000,
0.00000000,0.00000000,0.00000000,0.00000000,0.00000000,0.00000000,0.00000000,0.00000000,0.00000000,
0.00000000,0.00000000,0.00000000,0.00000000,0.00000000,0.00000000,0.00001568,0.00000000,0.00000000,
0.00000000,0.00000000,0.00000000,0.00000000,0.00000000,0.00000000,0.00000000,0.00000347,0.04430262,
0.00000000,0.00000000,0.00000000,0.00000000,0.00000000,0.00000000,0.00000000,0.04430262,0.00000398).finished(),
(Eigen::Matrix<double,9,9>() <<0.00000000,0.00000000,0.00000000,0.00000000,0.00000000,0.00000000,0.00000000,0.00000000,0.00000000,
0.00000000,0.00000000,0.00000000,0.00000000,0.00000000,0.00000000,0.00000000,0.00000000,0.00000000,
0.00000000,0.00000000,0.00000000,0.00000000,0.00000000,0.00000000,0.00000000,0.00000000,0.00000000,
0.00000000,0.00000000,0.00000000,0.00000000,0.00000000,0.00000000,0.00000000,0.00000000,0.00000000,
0.00000000,0.00000000,0.00000000,0.00000000,0.00000000,0.00000000,0.00000000,0.00000000,0.00000000,
0.00000000,0.00000000,0.00000000,0.00000000,0.00000000,0.00000000,0.00000000,0.00000000,0.00000000,
0.00000000,0.00000000,0.00000000,0.00000000,0.00000000,0.00000000,-0.00022996,0.00000000,0.00000000,
0.00000000,0.00000000,0.00000000,0.00000000,0.00000000,0.00000000,0.00000000,-0.04740557,-0.00000060,
0.00000000,0.00000000,0.00000000,0.00000000,0.00000000,0.00000000,0.00000000,-0.00000060,-0.00698039).finished(),
(Eigen::Matrix<double,9,9>() <<0.00000000,0.00000000,0.00000000,0.00000000,0.00000000,0.00000000,0.00000000,0.00000121,0.00687124,
0.00000000,0.00000000,0.00000000,0.00000000,0.00000000,0.00000000,0.00000000,-0.00011416,0.00000023,
0.00000000,0.00000000,0.00000000,0.00000000,0.00000000,0.00000000,-0.00116313,0.00000000,0.00000000,
0.00000000,0.00000000,0.00000000,0.00000000,0.00000000,0.00000000,0.00000000,-0.00000176,-0.05231836,
0.00000000,0.00000000,0.00000000,0.00000000,0.00000000,0.00000000,0.00000000,0.17681284,-0.00000221,
0.00000000,0.00000000,0.00000000,0.00000000,0.00000000,0.00000000,0.01879295,0.00000000,0.00000000,
0.00000000,0.00000000,-0.00116313,0.00000000,0.00000000,0.01879295,0.01780216,0.00000000,0.00000000,
0.00000121,-0.00011416,0.00000000,-0.00000176,0.17681284,0.00000000,0.00000000,0.01215333,-0.00000470,
0.00687124,0.00000023,0.00000000,-0.05231836,-0.00000221,0.00000000,0.00000000,-0.00000470,-0.03316860).finished(),
(Eigen::Matrix<double,9,9>() <<0.00000000,0.00000000,0.00000000,0.00000000,0.00000000,0.00000000,-0.01304565,0.00000000,0.00000000,
0.00000000,0.00000000,0.00000000,0.00000000,0.00000000,0.00000000,0.00000011,0.00000000,0.00000000,
0.00000000,0.00000000,0.00000000,0.00000000,0.00000000,0.00000000,0.00000000,0.00000000,0.00000000,
0.00000000,0.00000000,0.00000000,0.00000000,0.00000000,0.00000000,0.14669176,0.00000000,0.00000000,
0.00000000,0.00000000,0.00000000,0.00000000,0.00000000,0.00000000,-0.00000538,0.00000000,0.00000000,
0.00000000,0.00000000,0.00000000,0.00000000,0.00000000,0.00000000,0.00000000,0.00000120,-0.02267510,
-0.01304565,0.00000011,0.00000000,0.14669176,-0.00000538,0.00000000,0.00000000,-0.00000074,0.01594215,
0.00000000,0.00000000,0.00000000,0.00000000,0.00000000,0.00000120,-0.00000074,0.00000000,0.00000000,
0.00000000,0.00000000,0.00000000,0.00000000,0.00000000,-0.02267510,0.01594215,0.00000000,0.00000000).finished(),
(Eigen::Matrix<double,9,9>() <<0.00000000,0.00000000,0.00000000,0.00000000,0.00000000,0.00000000,0.00000000,0.00000000,0.00000000,
0.00000000,0.00000000,0.00000000,0.00000000,0.00000000,0.00000000,0.00000000,0.00000000,0.00000000,
0.00000000,0.00000000,0.00000000,0.00000000,0.00000000,0.00000000,-0.00127968,0.00000000,0.00000000,
0.00000000,0.00000000,0.00000000,0.00000000,0.00000000,0.00000000,0.00000000,0.00000000,0.00000000,
0.00000000,0.00000000,0.00000000,0.00000000,0.00000000,0.00000000,0.00000000,-0.10068458,0.00000000,
0.00000000,0.00000000,0.00000000,0.00000000,0.00000000,0.00000000,-0.05079793,0.00000000,0.00000000,
0.00000000,0.00000000,-0.00127968,0.00000000,0.00000000,-0.05079793,-0.04193068,0.00000000,0.00000000,
0.00000000,0.00000000,0.00000000,0.00000000,-0.10068458,0.00000000,0.00000000,0.04255286,-0.00000416,
0.00000000,0.00000000,0.00000000,0.00000000,0.00000000,0.00000000,0.00000000,-0.00000416,0.01477625).finished(),
(Eigen::Matrix<double,9,9>() <<0.00000000,0.00000000,0.00000000,0.00000000,0.00000000,0.00000000,0.00000000,0.00000000,0.00000000,
0.00000000,0.00000000,0.00000000,0.00000000,0.00000000,0.00000000,0.00000000,0.00000000,0.00000000,
0.00000000,0.00000000,0.00000000,0.00000000,0.00000000,0.00000000,0.00000000,0.00000000,0.00000000,
0.00000000,0.00000000,0.00000000,0.00000000,0.00000000,0.00000000,0.00000000,0.00000000,0.00000000,
0.00000000,0.00000000,0.00000000,0.00000000,0.00000000,0.00000000,0.00000000,0.00000000,0.00000000,
0.00000000,0.00000000,0.00000000,0.00000000,0.00000000,0.00000000,0.00000000,0.00000000,0.00000000,
0.00000000,0.00000000,0.00000000,0.00000000,0.00000000,0.00000000,0.00000000,-0.00000037,0.00915982,
0.00000000,0.00000000,0.00000000,0.00000000,0.00000000,0.00000000,-0.00000037,0.00000000,0.00000000,
0.00000000,0.00000000,0.00000000,0.00000000,0.00000000,0.00000000,0.00915982,0.00000000,0.00000000).finished(),
(Eigen::Matrix<double,9,9>() <<0.00000000,0.00000000,0.00000000,0.00000000,0.00000000,0.00000000,-0.00000038,0.00000000,0.00000000,
0.00000000,0.00000000,0.00000000,0.00000000,0.00000000,0.00000000,-0.00585754,0.00000000,0.00000000,
0.00000000,0.00000000,0.00000000,0.00000000,0.00000000,0.00000000,0.00000000,0.00155610,0.00000000,
0.00000000,0.00000000,0.00000000,0.00000000,0.00000000,0.00000000,-0.00000222,0.00000000,0.00000000,
0.00000000,0.00000000,0.00000000,0.00000000,0.00000000,0.00000000,-0.22000465,0.00000000,0.00000000,
0.00000000,0.00000000,0.00000000,0.00000000,0.00000000,0.00000000,0.00000000,0.07375653,0.00000000,
-0.00000038,-0.00585754,0.00000000,-0.00000222,-0.22000465,0.00000000,0.00000000,0.05861954,-0.00000068,
0.00000000,0.00000000,0.00155610,0.00000000,0.00000000,0.07375653,0.05861954,0.00000000,0.00000000,
0.00000000,0.00000000,0.00000000,0.00000000,0.00000000,0.00000000,-0.00000068,0.00000000,0.00000000).finished(),
(Eigen::Matrix<double,9,9>() <<0.00000000,0.00000000,0.00000000,0.00000000,0.00000000,0.00000000,0.00000000,0.00000000,0.00000000,
0.00000000,0.00000000,0.00000000,0.00000000,0.00000000,0.00000000,0.00000000,0.00000000,0.00000000,
0.00000000,0.00000000,0.00000000,0.00000000,0.00000000,0.00000000,0.00000000,0.00000000,0.00000000,
0.00000000,0.00000000,0.00000000,0.00000000,0.00000000,0.00000000,0.00000000,0.00000000,0.00000000,
0.00000000,0.00000000,0.00000000,0.00000000,0.00000000,0.00000000,0.00000000,0.00000106,0.03152910,
0.00000000,0.00000000,0.00000000,0.00000000,0.00000000,0.00000000,-0.00000138,0.00000000,0.00000000,
0.00000000,0.00000000,0.00000000,0.00000000,0.00000000,-0.00000138,-0.00000275,0.00000000,0.00000000,
0.00000000,0.00000000,0.00000000,0.00000000,0.00000106,0.00000000,0.00000000,0.00000303,-0.00147390,
0.00000000,0.00000000,0.00000000,0.00000000,0.03152910,0.00000000,0.00000000,-0.00147390,0.00000000).finished(),
(Eigen::Matrix<double,9,9>() <<0.00000000,0.00000000,0.00000000,0.00000000,0.00000000,0.00000000,0.00000000,0.00000000,0.00000000,
0.00000000,0.00000000,0.00000000,0.00000000,0.00000000,0.00000000,0.00000000,0.00000000,0.00000000,
0.00000000,0.00000000,0.00000000,0.00000000,0.00000000,0.00000000,0.00000000,0.00000000,0.00000000,
0.00000000,0.00000000,0.00000000,0.00000000,0.00000000,0.00000000,0.00000000,0.00000000,0.00000000,
0.00000000,0.00000000,0.00000000,0.00000000,0.00000000,0.00000000,0.22853861,0.00000000,0.00000000,
0.00000000,0.00000000,0.00000000,0.00000000,0.00000000,0.00000000,0.00000000,-0.03483416,0.00000000,
0.00000000,0.00000000,0.00000000,0.00000000,0.22853861,0.00000000,0.00000000,-0.01739966,0.00000252,
0.00000000,0.00000000,0.00000000,0.00000000,0.00000000,-0.03483416,-0.01739966,0.00000000,0.00000000,
0.00000000,0.00000000,0.00000000,0.00000000,0.00000000,0.00000000,0.00000252,0.00000000,0.00000000).finished(),
(Eigen::Matrix<double,9,9>() <<0.00000000,0.00000000,0.00000000,0.00000000,0.00000000,0.00000000,0.00000000,0.00000000,0.00000000,
0.00000000,0.00000000,0.00000000,0.00000000,0.00000000,0.00000000,0.00000000,0.00000000,0.00000000,
0.00000000,0.00000000,0.00000000,0.00000000,0.00000000,0.00000000,-0.00104625,0.00000000,0.00000000,
0.00000000,0.00000000,0.00000000,0.00000000,0.00000000,0.00000000,0.00000000,0.00000000,0.00000000,
0.00000000,0.00000000,0.00000000,0.00000000,0.00000000,0.00000000,0.00000000,0.00004734,0.00000000,
0.00000000,0.00000000,0.00000000,0.00000000,0.00000000,0.00000000,-0.16584955,0.00000000,0.00000000,
0.00000000,0.00000000,-0.00104625,0.00000000,0.00000000,-0.16584955,-0.05356050,0.00000000,0.00000000,
0.00000000,0.00000000,0.00000000,0.00000000,0.00004734,0.00000000,0.00000000,0.00296502,-0.00000330,
0.00000000,0.00000000,0.00000000,0.00000000,0.00000000,0.00000000,0.00000000,-0.00000330,0.00456768).finished(),
(Eigen::Matrix<double,9,9>() <<0.00000000,0.00000000,0.00000000,0.00000000,0.00000000,0.00000000,0.00000000,0.00000000,0.00000000,
0.00000000,0.00000000,0.00000000,0.00000000,0.00000000,0.00000000,0.00000000,0.00000000,0.00000000,
0.00000000,0.00000000,0.00000000,0.00000000,0.00000000,0.00000000,0.00000000,0.00000000,0.00000000,
0.00000000,0.00000000,0.00000000,0.00000000,0.00000000,0.00000000,0.00000000,0.00000000,0.00000000,
0.00000000,0.00000000,0.00000000,0.00000000,0.00000000,0.00000000,0.00000127,0.00000000,0.00000000,
0.00000000,0.00000000,0.00000000,0.00000000,0.00000000,0.00000000,0.00000000,0.00000000,0.00000000,
0.00000000,0.00000000,0.00000000,0.00000000,0.00000127,0.00000000,0.00000000,0.00000165,-0.01906635,
0.00000000,0.00000000,0.00000000,0.00000000,0.00000000,0.00000000,0.00000165,0.00000000,0.00000000,
0.00000000,0.00000000,0.00000000,0.00000000,0.00000000,0.00000000,-0.01906635,0.00000000,0.00000000).finished(),
(Eigen::Matrix<double,9,9>() <<0.00000000,0.00000000,0.00000000,0.00000000,0.00000000,0.00000000,0.00000000,0.00000000,0.00000000,
0.00000000,0.00000000,0.00000000,0.00000000,0.00000000,0.00000000,0.00000000,0.00000000,0.00000000,
0.00000000,0.00000000,0.00000000,0.00000000,0.00000000,0.00000000,0.00000000,0.00000000,0.00000000,
0.00000000,0.00000000,0.00000000,0.00000000,0.00000000,0.00000000,0.00000000,0.00000000,0.00000000,
0.00000000,0.00000000,0.00000000,0.00000000,0.00000000,0.00000000,0.00000000,0.00000000,0.00000000,
0.00000000,0.00000000,0.00000000,0.00000000,0.00000000,0.00000000,0.00000000,-0.00000055,0.00000000,
0.00000000,0.00000000,0.00000000,0.00000000,0.00000000,0.00000000,0.00000000,0.00908453,-0.00000086,
0.00000000,0.00000000,0.00000000,0.00000000,0.00000000,-0.00000055,0.00908453,0.00000000,0.00000000,
0.00000000,0.00000000,0.00000000,0.00000000,0.00000000,0.00000000,-0.00000086,0.00000000,0.00000000).finished(),
(Eigen::Matrix<double,9,9>() <<0.00000000,0.00000000,0.00000000,0.00000000,0.00000000,0.00000000,0.00000000,0.00000000,0.00000000,
0.00000000,0.00000000,0.00000000,0.00000000,0.00000000,0.00000000,0.00000000,0.00001647,0.00000000,
0.00000000,0.00000000,0.00000000,0.00000000,0.00000000,0.00000000,-0.00010798,0.00000000,0.00000000,
0.00000000,0.00000000,0.00000000,0.00000000,0.00000000,0.00000000,0.00000000,0.00000000,0.00000000,
0.00000000,0.00000000,0.00000000,0.00000000,0.00000000,0.00000000,0.00000000,-0.00030573,0.00000000,
0.00000000,0.00000000,0.00000000,0.00000000,0.00000000,0.00000000,-0.00127928,0.00000000,0.00000000,
0.00000000,0.00000000,-0.00010798,0.00000000,0.00000000,-0.00127928,-0.00208500,0.00000000,0.00000000,
0.00000000,0.00001647,0.00000000,0.00000000,-0.00030573,0.00000000,0.00000000,-0.01790744,0.00000142,
0.00000000,0.00000000,0.00000000,0.00000000,0.00000000,0.00000000,0.00000000,0.00000142,-0.00067966).finished(),
(Eigen::Matrix<double,9,9>() <<0.00000000,0.00000000,0.00000000,0.00000000,0.00000000,0.00000000,0.00004325,0.00000000,0.00000000,
0.00000000,0.00000000,0.00000000,0.00000000,0.00000000,0.00000000,0.00000000,0.00000000,0.00000000,
0.00000000,0.00000000,0.00000000,0.00000000,0.00000000,0.00000000,0.00000000,0.00000000,0.00000000,
0.00000000,0.00000000,0.00000000,0.00000000,0.00000000,0.00000000,-0.00165064,0.00000000,0.00000000,
0.00000000,0.00000000,0.00000000,0.00000000,0.00000000,0.00000000,0.00000000,0.00000000,0.00000000,
0.00000000,0.00000000,0.00000000,0.00000000,0.00000000,0.00000000,0.00000000,0.00000000,0.00069556,
0.00004325,0.00000000,0.00000000,-0.00165064,0.00000000,0.00000000,0.00000000,0.00000000,0.00001436,
0.00000000,0.00000000,0.00000000,0.00000000,0.00000000,0.00000000,0.00000000,0.00000000,0.00000000,
0.00000000,0.00000000,0.00000000,0.00000000,0.00000000,0.00069556,0.00001436,0.00000000,0.00000000).finished(),
(Eigen::Matrix<double,9,9>() <<0.00000000,0.00000000,0.00000000,0.00000000,0.00000000,0.00000000,0.00000000,0.00000000,0.00000000,
0.00000000,0.00000000,0.00000000,0.00000000,0.00000000,0.00000000,0.00000000,0.00000000,0.00000000,
0.00000000,0.00000000,0.00000000,0.00000000,0.00000000,0.00000000,0.00000000,0.00000000,0.00000000,
0.00000000,0.00000000,0.00000000,0.00000000,0.00000000,0.00000000,0.00000000,0.00000000,0.00000000,
0.00000000,0.00000000,0.00000000,0.00000000,0.00000000,0.00000000,0.00000000,0.00000000,0.00000000,
0.00000000,0.00000000,0.00000000,0.00000000,0.00000000,0.00000000,-0.00043058,0.00000000,0.00000000,
0.00000000,0.00000000,0.00000000,0.00000000,0.00000000,-0.00043058,-0.00062170,0.00000000,0.00000000,
0.00000000,0.00000000,0.00000000,0.00000000,0.00000000,0.00000000,0.00000000,0.00065716,0.00000000,
0.00000000,0.00000000,0.00000000,0.00000000,0.00000000,0.00000000,0.00000000,0.00000000,0.00018558).finished(),
(Eigen::Matrix<double,9,9>() <<0.00000000,0.00000000,0.00000000,0.00000000,0.00000000,0.00000000,0.00000000,0.00000000,0.00000000,
0.00000000,0.00000000,0.00000000,0.00000000,0.00000000,0.00000000,0.00034533,0.00000000,0.00000000,
0.00000000,0.00000000,0.00000000,0.00000000,0.00000000,0.00000000,0.00000000,0.00000000,0.00000000,
0.00000000,0.00000000,0.00000000,0.00000000,0.00000000,0.00000000,0.00000000,0.00000000,0.00000000,
0.00000000,0.00000000,0.00000000,0.00000000,0.00000000,0.00000000,0.00127134,0.00000000,0.00000000,
0.00000000,0.00000000,0.00000000,0.00000000,0.00000000,0.00000000,0.00000000,-0.00010494,0.00000000,
0.00000000,0.00034533,0.00000000,0.00000000,0.00127134,0.00000000,0.00000000,-0.00352112,0.00000000,
0.00000000,0.00000000,0.00000000,0.00000000,0.00000000,-0.00010494,-0.00352112,0.00000000,0.00000000,
0.00000000,0.00000000,0.00000000,0.00000000,0.00000000,0.00000000,0.00000000,0.00000000,0.00000000).finished(),
(Eigen::Matrix<double,9,9>() <<0.00000000,0.00000000,0.00000000,0.00000000,0.00000000,0.00000000,0.00000000,0.00000000,0.00000000,
0.00000000,0.00000000,0.00000000,0.00000000,0.00000000,0.00000000,0.00000000,0.00000000,0.00000000,
0.00000000,0.00000000,0.00000000,0.00000000,0.00000000,0.00000000,0.00000000,0.00000000,0.00000000,
0.00000000,0.00000000,0.00000000,0.00000000,0.00000000,0.00000000,0.00000000,0.00000000,0.00000000,
0.00000000,0.00000000,0.00000000,0.00000000,0.00000000,0.00000000,0.00000000,0.00000000,0.00000000,
0.00000000,0.00000000,0.00000000,0.00000000,0.00000000,0.00000000,0.00000000,0.00000000,0.00000000,
0.00000000,0.00000000,0.00000000,0.00000000,0.00000000,0.00000000,0.00000000,0.00000000,0.00000000,
0.00000000,0.00000000,0.00000000,0.00000000,0.00000000,0.00000000,0.00000000,0.00000000,0.00019672,
0.00000000,0.00000000,0.00000000,0.00000000,0.00000000,0.00000000,0.00000000,0.00019672,0.00000000).finished(),
(Eigen::Matrix<double,9,9>() <<0.00000000,0.00000000,0.00000000,0.00000000,0.00000000,0.00000000,0.00000000,0.00000000,0.00000000,
0.00000000,0.00000000,0.00000000,0.00000000,0.00000000,0.00000000,0.00000000,0.00000000,0.00000000,
0.00000000,0.00000000,0.00000000,0.00000000,0.00000000,0.00000000,0.00000000,0.00000000,0.00000000,
0.00000000,0.00000000,0.00000000,0.00000000,0.00000000,0.00000000,0.00000000,0.00000000,0.00000000,
0.00000000,0.00000000,0.00000000,0.00000000,0.00000000,0.00000000,0.00000000,0.00000000,0.00000000,
0.00000000,0.00000000,0.00000000,0.00000000,0.00000000,0.00000000,-0.00058517,0.00000000,0.00000000,
0.00000000,0.00000000,0.00000000,0.00000000,0.00000000,-0.00058517,-0.00017942,0.00000000,0.00000000,
0.00000000,0.00000000,0.00000000,0.00000000,0.00000000,0.00000000,0.00000000,0.00118772,0.00000000,
0.00000000,0.00000000,0.00000000,0.00000000,0.00000000,0.00000000,0.00000000,0.00000000,-0.00051563).finished(),
(Eigen::Matrix<double,9,9>() <<0.00000000,0.00000000,0.00000000,0.00000000,0.00000000,0.00000000,0.00000000,0.00000000,0.00000000,
0.00000000,0.00000000,0.00000000,0.00000000,0.00000000,0.00000000,0.00000000,0.00000000,0.00000000,
0.00000000,0.00000000,0.00000000,0.00000000,0.00000000,0.00000000,0.00000438,0.00000000,0.00000000,
0.00000000,0.00000000,0.00000000,0.00000000,0.00000000,0.00000000,0.00000000,0.00000000,0.00000000,
0.00000000,0.00000000,0.00000000,0.00000000,0.00000000,0.00000000,0.00000000,-0.00001115,0.00000000,
0.00000000,0.00000000,0.00000000,0.00000000,0.00000000,0.00000000,-0.00000263,0.00000000,0.00000000,
0.00000000,0.00000000,0.00000438,0.00000000,0.00000000,-0.00000263,0.00006201,0.00000000,0.00000000,
0.00000000,0.00000000,0.00000000,0.00000000,-0.00001115,0.00000000,0.00000000,0.00062494,0.00000000,
0.00000000,0.00000000,0.00000000,0.00000000,0.00000000,0.00000000,0.00000000,0.00000000,0.00002010).finished(),
(Eigen::Matrix<double,9,9>() <<0.00000000,0.00000000,0.00000000,0.00000000,0.00000000,0.00000000,0.00000000,0.00000000,0.00000000,
0.00000000,0.00000000,0.00000000,0.00000000,0.00000000,0.00000000,0.00000000,0.00000000,0.00000000,
0.00000000,0.00000000,0.00000000,0.00000000,0.00000000,0.00000000,0.00000000,0.00000000,0.00000000,
0.00000000,0.00000000,0.00000000,0.00000000,0.00000000,0.00000000,0.00000000,0.00000000,0.00000000,
0.00000000,0.00000000,0.00000000,0.00000000,0.00000000,0.00000000,0.00000000,0.00000000,0.00000000,
0.00000000,0.00000000,0.00000000,0.00000000,0.00000000,0.00000000,0.00000000,0.00000000,0.00000000,
0.00000000,0.00000000,0.00000000,0.00000000,0.00000000,0.00000000,0.00000000,0.00000000,-0.00000216,
0.00000000,0.00000000,0.00000000,0.00000000,0.00000000,0.00000000,0.00000000,0.00000000,0.00000000,
0.00000000,0.00000000,0.00000000,0.00000000,0.00000000,0.00000000,-0.00000216,0.00000000,0.00000000).finished(),
(Eigen::Matrix<double,9,9>() <<0.00000000,0.00000000,0.00000000,0.00000000,0.00000000,0.00000000,0.00000000,0.00000000,0.00000000,
0.00000000,0.00000000,0.00000000,0.00000000,0.00000000,0.00000000,0.00000000,0.00000000,0.00000000,
0.00000000,0.00000000,0.00000000,0.00000000,0.00000000,0.00000000,0.00000000,0.00000000,0.00000000,
0.00000000,0.00000000,0.00000000,0.00000000,0.00000000,0.00000000,0.00000000,0.00000000,0.00000000,
0.00000000,0.00000000,0.00000000,0.00000000,0.00000000,0.00000000,0.00000000,0.00000000,0.00000000,
0.00000000,0.00000000,0.00000000,0.00000000,0.00000000,0.00000000,0.00000000,-0.00000068,0.00000000,
0.00000000,0.00000000,0.00000000,0.00000000,0.00000000,0.00000000,0.00000000,0.00000460,0.00000000,
0.00000000,0.00000000,0.00000000,0.00000000,0.00000000,-0.00000068,0.00000460,0.00000000,0.00000000,
0.00000000,0.00000000,0.00000000,0.00000000,0.00000000,0.00000000,0.00000000,0.00000000,0.00000000).finished(),
(Eigen::Matrix<double,9,9>() <<0.00000000,0.00000000,0.00000000,0.00000000,0.00000000,0.00000000,0.00000000,0.00000000,0.00000000,
0.00000000,0.00000000,0.00000000,0.00000000,0.00000000,0.00000000,0.00000000,0.00000000,0.00000000,
0.00000000,0.00000000,0.00000000,0.00000000,0.00000000,0.00000000,0.00000000,0.00000000,0.00000000,
0.00000000,0.00000000,0.00000000,0.00000000,0.00000000,0.00000000,0.00000000,0.00000000,0.00000000,
0.00000000,0.00000000,0.00000000,0.00000000,0.00000000,0.00000000,0.00000000,0.00000000,0.00000000,
0.00000000,0.00000000,0.00000000,0.00000000,0.00000000,0.00000000,0.00000000,0.00000000,0.00000000,
0.00000000,0.00000000,0.00000000,0.00000000,0.00000000,0.00000000,0.00000026,0.00000000,0.00000000,
0.00000000,0.00000000,0.00000000,0.00000000,0.00000000,0.00000000,0.00000000,0.00000014,0.00000000,
0.00000000,0.00000000,0.00000000,0.00000000,0.00000000,0.00000000,0.00000000,0.00000000,0.00000000).finished() };

// custom weak ned metric for 1.5m ===============================================================================================================
/*
static const double N_mon = 19,
static Eigen::Matrix<double,19,3> w_mon =
(Eigen::Matrix<double,19,3>() << 0.00,0.00,0.00,
0.00,0.00,1.00,
0.00,0.00,2.00,
0.00,0.00,3.00,
0.00,1.00,0.00,
0.00,1.00,1.00,
0.00,1.00,2.00,
0.00,2.00,0.00,
0.00,2.00,1.00,
0.00,3.00,0.00,
1.00,0.00,0.00,
1.00,0.00,1.00,
1.00,0.00,2.00,
1.00,1.00,0.00,
1.00,1.00,1.00,
1.00,2.00,0.00,
2.00,0.00,0.00,
2.00,0.00,1.00,
2.00,1.00,0.00
).finished();
//controller.d_bar = 0.048369304183156
//controller.tube_gain_xyz = 1.566205908583271
//controller.d_bar_gain = 0.483693041831561
//controller.lambda = 1.280000000000000
static std::vector<Eigen::Matrix<double,9,9>> w_coeff{
(Eigen::Matrix<double,9,9>() <<
5.8962, 0.0, 0.0, -7.5539, 0.0, 0.0, 0.0, 0.0, -1.3366,
0.0, 5.5073, 0.0, 0.0, -7.0721, 0.0, 0.0, 1.4395, -1.6266e-07,
0.0, 0.0, 5.4294, 0.0, 0.0, -7.0313, -3.2296, -1.0244e-07, 0.0,
-7.5539, 0.0, 0.0, 14.884, 0.0, 0.0, 0.0, 3.3752e-07, 6.9416,
0.0, -7.0721, 0.0, 0.0, 14.122, 0.0, -2.7362e-07, -6.8392, -6.2322e-07,
0.0, 0.0, -7.0313, 0.0, 0.0, 14.866, 19.043, 0.0, 0.0,
0.0, 0.0, -3.2296, 0.0, -2.7362e-07, 19.043, 74.99, -3.5263e-07, 0.0,
0.0, 1.4395, -1.0244e-07, 3.3752e-07, -6.8392, 0.0, -3.5263e-07, 0.11604, 0.0,
-1.3366, -1.6266e-07, 0.0, 6.9416, -6.2322e-07, 0.0, 0.0, 0.0, 0.15179,
).finished(),
(Eigen::Matrix<double,9,9>() <<
0.0, 0.0, 0.0, 0.0, 0.0, 0.0, -4.4459 0.0, 0.0,
0.0, 0.0, 0.0, 0.0, 0.0, 0.0, 0.0, -1.3292e-07, -2.7984e-07,
0.0, 0.0, 0.0, 0.0, 0.0, 0.0, 0.0, 0.0, 0.99755,
0.0, 0.0, 0.0, 0.0, 0.0, 0.0, 17.698 1.3726e-06, -2.931e-07,
0.0, 0.0, 0.0, 0.0, 0.0, 0.0, 0.0, -1.0969e-06, -1.4132e-06,
0.0, 0.0, 0.0, 0.0, 0.0, 0.0, 0.0, 5.3038e-07, -6.294,
-4.4459 0.0, 0.0, 17.698 0.0, 0.0, 0.0, -4.5636e-07, -0.0080546,
0.0, -1.3292e-07, 0.0, 1.3726e-06, -1.0969e-06, 5.3038e-07, -4.5636e-07, 1.2633e-07, 0.0,
0.0, -2.7984e-07, 0.99755, -2.931e-07, -1.4132e-06, -6.294, -0.0080546, 0.0, 0.0
).finished(),    
(Eigen::Matrix<double,9,9>() <<
0.0, 0.0, 0.0, 0.0, 0.0, 0.0, 0.0, 0.0, 0.41132,
0.0, 0.0, 0.0, 0.0, 0.0, 0.0, 0.0, 0.53985, 1.1393e-07,
0.0, 0.0, 0.0, 0.0, 0.0, 0.0, 1.1868 1.4379e-07, 0.0,
0.0, 0.0, 0.0, 0.0, 0.0, 0.0, 0.0, -2.5591e-07, -2.9109,
0.0, 0.0, 0.0, 0.0, 0.0, 0.0, 3.6614e-07, -6.2464, 1.0454e-07,
0.0, 0.0, 0.0, 0.0, 0.0, 0.0, -7.2133, -8.3859e-07, 4.592e-07,
0.0, 0.0, 1.1868 0.0, 3.6614e-07, -7.2133, -0.27054, 1.2433e-07, 2.9936e-07,
0.0, 0.53985, 1.4379e-07, -2.5591e-07, -6.2464, -8.3859e-07, 1.2433e-07, 0.70604, 1.124e-07,
0.41132, 1.1393e-07, 0.0, -2.9109 1.0454e-07, 4.592e-07, 2.9936e-07, 1.124e-07, 0.008941
).finished(),
(Eigen::Matrix<double,9,9>() <<
0.0, 0.0, 0.0, 0.0, 0.0, 0.0, 0.6954, 0.0, 0.0,
0.0, 0.0, 0.0, 0.0, 0.0, 0.0, 0.0, 1.1814e-07, 1.1214e-07,
0.0, 0.0, 0.0, 0.0, 0.0, 0.0, 0.0, 0.0, -0.17643,
0.0, 0.0, 0.0, 0.0, 0.0, 0.0, -2.1536, -6.9435e-07, 0.0,
0.0, 0.0, 0.0, 0.0, 0.0, 0.0, 0.0, 1.344e-06, 1.8932e-06,
0.0, 0.0, 0.0, 0.0, 0.0, 0.0, 0.0, -3.3605e-07, 1.6782,
0.6954, 0.0, 0.0, -2.1536, 0.0, 0.0, 0.0, -1.3809e-07, 0.31539,
0.0, 1.1814e-07, 0.0, -6.9435e-07, 1.344e-06, -3.3605e-07, -1.3809e-07, 1.7241e-07, 0.0,
0.0, 1.1214e-07, -0.17643, 0.0, 1.8932e-06, 1.6782, 0.31539 0.0, -1.3706e-07
).finished(),
(Eigen::Matrix<double,9,9>() <<
0.0, 0.0, 0.0, 0.0, 0.0, 0.0, 0.0, 0.0, 0.0,
0.0, 0.0, 0.0, 0.0, 0.0, 0.0, 3.8504, 1.9267e-07, 2.6069e-07,
0.0, 0.0, 0.0, 0.0, 0.0, 0.0, 0.0, 1.4442, 0.0,
0.0, 0.0, 0.0, 0.0, 0.0, 0.0, 0.0, -8.2582e-07, -8.9712e-07,
0.0, 0.0, 0.0, 0.0, 0.0, 0.0, -16.098 1.6189e-07, -1.886e-06,
0.0, 0.0, 0.0, 0.0, 0.0, 0.0, 0.0, -7.1661, 1.5644e-07,
0.0, 3.8504, 0.0, 0.0, -16.098 0.0, 0.0, -1.7133, -6.9407e-07,
0.0, 1.9267e-07, 1.4442, -8.2582e-07, 1.6189e-07, -7.1661, -1.7133, 0.0, 1.2387e-07,
0.0, 2.6069e-07, 0.0, -8.9712e-07, -1.886e-06, 1.5644e-07, -6.9407e-07, 1.2387e-07, 0.0
).finished(),
(Eigen::Matrix<double,9,9>() <<
0.0, 0.0, 0.0, 0.0, 0.0, 0.0, 0.0, 0.035074, 0.0,
0.0, 0.0, 0.0, 0.0, 0.0, 0.0, 0.0, 0.0, -0.65742,
0.0, 0.0, 0.0, 0.0, 0.0, 0.0, 0.0, 0.0, -1.8781e-07,
0.0, 0.0, 0.0, 0.0, 0.0, 0.0, 1.8511e-07, -3.6069 2.1527e-07,
0.0, 0.0, 0.0, 0.0, 0.0, 0.0, 0.0, 5.0143e-07, 3.5192,
0.0, 0.0, 0.0, 0.0, 0.0, 0.0, 0.0, -4.5732e-07, 1.8289e-07,
0.0, 0.0, 0.0, 1.8511e-07, 0.0, 0.0, 0.0, 1.0048e-06, -1.3066e-06,
0.035074, 0.0, 0.0, -3.6069 5.0143e-07, -4.5732e-07, 1.0048e-06, 0.0, -0.017755,
0.0, -0.65742, -1.8781e-07, 2.1527e-07, 3.5192, 1.8289e-07, -1.3066e-06, -0.017755, 0.0
).finished(),
(Eigen::Matrix<double,9,9>() <<
0.0, 0.0, 0.0, 0.0, 0.0, 0.0, 0.0, 0.0, 0.0,
0.0, 0.0, 0.0, 0.0, 0.0, 0.0, -1.5265, 0.0, 0.0,
0.0, 0.0, 0.0, 0.0, 0.0, 0.0, 0.0, 0.32475, 0.0,
0.0, 0.0, 0.0, 0.0, 0.0, 0.0, 0.0, 1.0958e-06, 7.9145e-07,
0.0, 0.0, 0.0, 0.0, 0.0, 0.0, 6.0744, 2.9135e-06, 1.8395e-06,
0.0, 0.0, 0.0, 0.0, 0.0, 0.0, 0.0, -0.83272, -4.7134e-07,
0.0, -1.5265, 0.0, 0.0, 6.0744, 0.0, 0.0, 0.046976, 1.4832e-07,
0.0, 0.0, 0.32475, 1.0958e-06, 2.9135e-06, -0.83272, 0.046976, 0.0, -2.7119e-07,
0.0, 0.0, 0.0, 7.9145e-07, 1.8395e-06, -4.7134e-07, 1.4832e-07, -2.7119e-07, 1.6201e-07
).finished(),
(Eigen::Matrix<double,9,9>() <<
0.0, 0.0, 0.0, 0.0, 0.0, 0.0, 0.0, 0.0, -0.0017491,
0.0, 0.0, 0.0, 0.0, 0.0, 0.0, 0.0, -0.4657, 0.0,
0.0, 0.0, 0.0, 0.0, 0.0, 0.0, 1.2216, 0.0, 0.0,
0.0, 0.0, 0.0, 0.0, 0.0, 0.0, 0.0, 0.0, -0.14224,
0.0, 0.0, 0.0, 0.0, 0.0, 0.0, 2.6619e-07, 3.0795, 5.863e-07,
0.0, 0.0, 0.0, 0.0, 0.0, 0.0, -6.8909 7.2327e-07, 0.0,
0.0, 0.0, 1.2216, 0.0, 2.6619e-07, -6.8909 0.2068 2.8395e-07, 3.8271e-07,
0.0, -0.4657, 0.0, 0.0, 3.0795, 7.2327e-07, 2.8395e-07, 0.020918 0.0,
-0.0017491, 0.0, 0.0, -0.14224, 5.863e-07, 0.0, 3.8271e-07, 0.0, 0.046797
).finished(),
(Eigen::Matrix<double,9,9>() <<
0.0, 0.0, 0.0, 0.0, 0.0, 0.0, 0.0011572, 0.0, 0.0,
0.0, 0.0, 0.0, 0.0, 0.0, 0.0, 0.0, 0.0, 0.0,
